1860.0000 -0.925676
1861.0000 -0.920887
1862.0000 -0.919497
1863.0000 -0.932837
1864.0000 -0.924537
1865.0000 -0.920707
1866.0000 -0.910407
1867.0000 -0.887907
1868.0000 -0.878747
1869.0000 -0.840426
1870.0000 -0.844807
1871.0000 -0.843057
1872.0000 -0.846626
1873.0000 -0.808447
1874.0000 -0.811477
1875.0000 -0.822666
1876.0000 -0.862106
1877.0000 -0.847346
1878.0000 -0.862886
1879.0000 -0.841197
1880.0000 -0.826627
1881.0000 -0.801307
1882.0000 -0.808577
1883.0000 -0.858546
1884.0000 -1.17156
1885.0000 -1.18485
1886.0000 -1.08420
1887.0000 -1.07276
1888.0000 -1.02417
1889.0000 -1.00165
1890.0000 -1.00695
1891.0000 -1.05197
1892.0000 -1.00414
1893.0000 -0.960607
1894.0000 -0.917207
1895.0000 -0.859736
1896.0000 -0.869206
1897.0000 -0.895757
1898.0000 -0.884267
1899.0000 -0.841737
1900.0000 -0.833157
1901.0000 -0.834637
1902.0000 -0.849607
1903.0000 -1.05959
1904.0000 -1.03819
1905.0000 -0.958587
1906.0000 -0.912227
1907.0000 -0.886227
1908.0000 -0.872367
1909.0000 -0.863176
1910.0000 -0.829637
1911.0000 -0.812246
1912.0000 -0.860307
1913.0000 -0.917296
1914.0000 -0.858617
1915.0000 -0.813167
1916.0000 -0.809657
1917.0000 -0.784697
1918.0000 -0.737997
1919.0000 -0.772037
1920.0000 -0.744607
1921.0000 -0.719287
1922.0000 -0.721046
1923.0000 -0.718637
1924.0000 -0.704657
1925.0000 -0.680717
1926.0000 -0.686617
1927.0000 -0.660247
1928.0000 -0.681256
1929.0000 -0.708337
1930.0000 -0.696947
1931.0000 -0.692097
1932.0000 -0.662517
1933.0000 -0.698256
1934.0000 -0.699206
1935.0000 -0.660207
1936.0000 -0.647266
1937.0000 -0.607926
1938.0000 -0.629247
1939.0000 -0.645737
1940.0000 -0.638886
1941.0000 -0.622837
1942.0000 -0.623687
1943.0000 -0.638647
1944.0000 -0.644067
1945.0000 -0.624567
1946.0000 -0.614886
1947.0000 -0.624227
1948.0000 -0.607687
1949.0000 -0.583877
1950.0000 -0.619416
1951.0000 -0.624587
1952.0000 -0.626427
1953.0000 -0.650376
1954.0000 -0.641356
1955.0000 -0.634387
1956.0000 -0.614547
1957.0000 -0.601027
1958.0000 -0.592856
1959.0000 -0.591017
1960.0000 -0.571977
1961.0000 -0.574647
1962.0000 -0.624066
1963.0000 -0.695626
1964.0000 -0.843066
1965.0000 -0.808436
1966.0000 -0.755656
1967.0000 -0.714976
1968.0000 -0.723927
1969.0000 -0.736547
1970.0000 -0.685826
1971.0000 -0.648216
1972.0000 -0.629737
1973.0000 -0.614447
1974.0000 -0.601717
1975.0000 -0.631666
1976.0000 -0.604377
1977.0000 -0.562616
1978.0000 -0.521976
1979.0000 -0.485236
1980.0000 -0.457657
1981.0000 -0.421957
1982.0000 -0.472397
1983.0000 -0.590237
1984.0000 -0.528207
1985.0000 -0.482677
1986.0000 -0.444777
1987.0000 -0.381217
1988.0000 -0.336246
1989.0000 -0.316687
1990.0000 -0.257207
1991.0000 -0.328317
1992.0000 -0.578056
1993.0000 -0.499467
1994.0000 -0.434007
1995.0000 -0.355647
1996.0000 -0.264947
1997.0000 -0.209726
1998.0000 -0.176847
1999.0000 -0.137656
2000.0000 -0.970469E-01
2001.0000 -0.242367E-01
2002.0000 0.140038E-01
2003.0000 0.134230E-01
2004.0000 0.277433E-01
2005.0000 0.658531E-01
2006.0000 0.724630E-01
2007.0000 0.744534E-01
2008.0000 0.860729E-01
2009.0000 0.111584
2010.0000 0.101434
2011.0000 0.135734
2012.0000 0.157583
2013.0000 0.191773
2014.0000 0.228623
2015.0000 0.236894
2016.0000 0.241524
2017.0000 0.254403
2018.0000 0.279573
2019.0000 0.301033
2020.0000 0.325624
2021.0000 0.318494
2022.0000 0.323394
2023.0000 0.367683
2024.0000 0.388053
2025.0000 0.431184
2026.0000 0.442663
2027.0000 0.460234
2028.0000 0.499304
2029.0000 0.492273
2030.0000 0.485733
2031.0000 0.542733
2032.0000 0.541444
2033.0000 0.548034
2034.0000 0.590513
2035.0000 0.611573
2036.0000 0.610323
2037.0000 0.643013
2038.0000 0.681403
2039.0000 0.702443
2040.0000 0.697973
2041.0000 0.762353
2042.0000 0.776823
2043.0000 0.777244
2044.0000 0.805063
2045.0000 0.825164
2046.0000 0.854983
2047.0000 0.877764
2048.0000 0.893013
2049.0000 0.911373
2050.0000 0.914904
2051.0000 0.941043
2052.0000 0.983494
2053.0000 1.01387
2054.0000 1.02671
2055.0000 1.05155
2056.0000 1.04884
2057.0000 1.06179
2058.0000 1.12614
2059.0000 1.14883
2060.0000 1.16845
2061.0000 1.18513
2062.0000 1.21276
2063.0000 1.21134
2064.0000 1.23828
2065.0000 1.25884
2066.0000 1.32646
2067.0000 1.34255
2068.0000 1.38636
2069.0000 1.40163
2070.0000 1.43149
2071.0000 1.48428
2072.0000 1.48818
2073.0000 1.51793
2074.0000 1.54817
2075.0000 1.57590
2076.0000 1.59092
2077.0000 1.62429
2078.0000 1.66855
2079.0000 1.71980
2080.0000 1.73390
2081.0000 1.73402
2082.0000 1.76904
2083.0000 1.79492
2084.0000 1.84484
2085.0000 1.87265
2086.0000 1.89250
2087.0000 1.90985
2088.0000 1.92545
2089.0000 1.96466
2090.0000 2.00860
2091.0000 2.02241
2092.0000 2.00388
2093.0000 2.03089
2094.0000 2.05415
2095.0000 2.10380
2096.0000 2.08465
2097.0000 2.09437
2098.0000 2.13515
2099.0000 2.15624
2100.0000 2.17842
