09 -0.065 0.056 -0.186 99.999
1019 -0.041 0.090 -0.172 99.999
2029 -0.094 0.055 -0.243 99.999
3039 -0.059 0.094 -0.212 99.999
4049 0.006 0.161 -0.150 99.999
5059 0.106 0.289 -0.078 99.999
6069 0.039 0.227 -0.149 99.999
7079 -0.026 0.104 -0.156 99.999
8089 0.054 0.173 -0.066 99.999
9099 -0.021 0.112 -0.155 99.999
100109 -0.023 0.134 -0.180 99.999
110119 -0.022 0.105 -0.149 99.999
120129 -0.044 0.076 -0.163 99.999
130139 0.007 0.127 -0.113 99.999
140149 0.023 0.144 -0.098 99.999
150159 0.064 0.203 -0.076 99.999
160169 0.114 0.287 -0.059 99.999
170179 0.080 0.251 -0.090 99.999
180189 0.050 0.244 -0.143 99.999
190199 -0.040 0.102 -0.182 99.999
200209 -0.077 0.090 -0.244 99.999
210219 -0.150 0.010 -0.310 99.999
220229 -0.043 0.103 -0.190 99.999
230239 -0.118 0.039 -0.275 99.999
240249 -0.094 0.025 -0.214 99.999
250259 -0.100 0.020 -0.221 99.999
260269 -0.231 -0.089 -0.373 99.999
270279 -0.206 -0.064 -0.347 99.999
280289 -0.216 -0.080 -0.352 99.999
290299 -0.273 -0.153 -0.392 99.999
300309 -0.288 -0.168 -0.408 99.999
310319 -0.294 -0.174 -0.414 99.999
320329 -0.407 -0.288 -0.527 99.999
330339 -0.384 -0.264 -0.504 99.999
340349 -0.391 -0.221 -0.561 99.999
350359 -0.328 -0.156 -0.500 99.999
360369 -0.207 -0.087 -0.326 99.999
370379 -0.162 0.015 -0.340 99.999
380389 -0.280 -0.157 -0.402 99.999
390399 -0.311 -0.187 -0.434 99.999
400409 -0.269 -0.150 -0.389 99.999
410419 -0.201 -0.078 -0.324 99.999
420429 -0.233 -0.096 -0.371 99.999
430439 -0.311 -0.145 -0.477 99.999
440449 -0.228 -0.081 -0.376 99.999
450459 -0.346 -0.168 -0.524 99.999
460469 -0.437 -0.259 -0.615 99.999
470479 -0.417 -0.252 -0.582 99.999
480489 -0.195 -0.018 -0.373 99.999
490499 -0.317 -0.138 -0.496 99.999
500509 -0.367 -0.188 -0.545 99.999
510519 -0.438 -0.270 -0.606 99.999
520529 -0.321 -0.154 -0.488 99.999
530539 -0.455 -0.287 -0.623 99.999
540549 -0.471 -0.298 -0.643 99.999
550559 -0.254 -0.071 -0.437 99.999
560569 -0.262 -0.108 -0.417 99.999
570579 -0.195 -0.026 -0.364 99.999
580589 -0.128 0.053 -0.310 99.999
590599 -0.199 -0.024 -0.374 99.999
600609 -0.182 -0.019 -0.345 99.999
610619 -0.183 -0.024 -0.341 99.999
620629 -0.275 -0.087 -0.463 99.999
630639 -0.289 -0.101 -0.477 99.999
640649 -0.296 -0.123 -0.469 99.999
650659 -0.231 -0.039 -0.424 99.999
660669 -0.194 -0.003 -0.386 99.999
670679 -0.169 0.040 -0.377 99.999
680689 -0.281 -0.091 -0.472 99.999
690699 -0.273 -0.080 -0.467 99.999
700709 -0.364 -0.197 -0.532 99.999
710719 -0.289 -0.127 -0.452 99.999
720729 -0.298 -0.138 -0.457 99.999
730739 -0.236 -0.075 -0.396 99.999
740749 -0.221 -0.072 -0.370 99.999
750759 -0.274 -0.131 -0.418 99.999
760769 -0.242 -0.122 -0.362 99.999
770779 -0.281 -0.129 -0.432 99.999
780789 -0.223 -0.093 -0.352 99.999
790799 -0.241 -0.078 -0.404 99.999
800809 -0.253 -0.110 -0.396 99.999
810819 -0.162 -0.018 -0.307 99.999
820829 -0.144 -0.013 -0.275 99.999
830839 -0.020 0.162 -0.202 99.999
840849 0.003 0.128 -0.123 99.999
850859 -0.021 0.137 -0.180 99.999
860869 -0.030 0.157 -0.216 99.999
870879 -0.027 0.093 -0.148 99.999
880889 -0.067 0.074 -0.207 99.999
890899 -0.034 0.086 -0.154 99.999
900909 -0.214 -0.078 -0.350 99.999
910919 -0.119 0.042 -0.280 99.999
920929 -0.112 0.035 -0.259 99.999
930939 -0.024 0.096 -0.144 99.999
940949 0.016 0.136 -0.103 99.999
950959 0.196 0.377 0.015 99.999
960969 0.172 0.292 0.052 99.999
970979 0.048 0.171 -0.075 99.999
980989 0.035 0.159 -0.088 99.999
990999 -0.018 0.102 -0.138 99.999
10001009 0.016 0.135 -0.104 99.999
10101019 0.063 0.182 -0.057 99.999
10201029 0.106 0.231 -0.020 99.999
10301039 0.029 0.149 -0.091 99.999
10401049 -0.045 0.075 -0.165 99.999
10501059 -0.002 0.118 -0.122 99.999
10601069 0.006 0.128 -0.115 99.999
10701079 -0.059 0.060 -0.179 99.999
10801089 0.055 0.174 -0.065 99.999
10901099 -0.034 0.085 -0.154 99.999
11001109 -0.098 0.022 -0.218 99.999
11101119 -0.159 -0.039 -0.279 99.999
11201129 -0.142 -0.022 -0.262 99.999
11301139 -0.142 -0.022 -0.261 99.999
11401149 -0.140 -0.021 -0.260 99.999
11501159 -0.177 -0.039 -0.316 99.999
11601169 -0.144 -0.017 -0.272 99.999
11701179 -0.169 -0.049 -0.289 99.999
11801189 -0.157 -0.037 -0.277 99.999
11901199 -0.215 -0.096 -0.335 99.999
12001209 -0.146 -0.026 -0.265 99.999
12101219 -0.137 -0.017 -0.257 99.999
12201229 -0.123 0.010 -0.256 99.999
12301239 -0.164 -0.013 -0.314 99.999
12401249 -0.121 0.019 -0.262 99.999
12501259 -0.157 -0.037 -0.276 99.999
12601269 -0.197 -0.077 -0.317 99.999
12701279 -0.226 -0.107 -0.346 99.999
12801289 -0.262 -0.122 -0.401 99.999
12901299 -0.256 -0.128 -0.384 99.999
13001309 -0.196 -0.077 -0.316 99.999
13101319 -0.253 -0.134 -0.373 99.999
13201329 -0.344 -0.224 -0.463 99.999
13301339 -0.412 -0.293 -0.532 99.999
13401349 -0.336 -0.217 -0.456 99.999
13501359 -0.369 -0.249 -0.489 99.999
13601369 -0.290 -0.171 -0.410 99.999
13701379 -0.282 -0.163 -0.402 99.999
13801389 -0.293 -0.174 -0.413 99.999
13901399 -0.276 -0.156 -0.396 99.999
14001409 -0.228 -0.108 -0.347 99.999
14101419 -0.311 -0.191 -0.431 99.999
14201429 -0.399 -0.280 -0.519 99.999
14301439 -0.349 -0.230 -0.469 99.999
14401449 -0.436 -0.316 -0.557 99.999
14501459 -0.543 -0.409 -0.676 99.999
14601469 -0.486 -0.356 -0.617 99.999
14701479 -0.495 -0.375 -0.615 99.999
14801489 -0.564 -0.441 -0.686 99.999
14901499 -0.471 -0.351 -0.591 99.999
15001509 -0.360 -0.240 -0.480 99.999
15101519 -0.441 -0.312 -0.571 99.999
15201529 -0.493 -0.369 -0.617 99.999
15301539 -0.361 -0.241 -0.481 99.999
15401549 -0.439 -0.319 -0.558 99.999
15501559 -0.366 -0.244 -0.488 99.999
15601569 -0.375 -0.245 -0.504 99.999
15701579 -0.445 -0.325 -0.565 99.999
15801589 -0.490 -0.370 -0.609 99.999
15901599 -0.509 -0.389 -0.628 99.999
16001609 -0.608 -0.489 -0.728 99.999
16101619 -0.555 -0.435 -0.675 99.999
16201629 -0.535 -0.416 -0.655 99.999
16301639 -0.560 -0.440 -0.679 99.999
16401649 -0.622 -0.489 -0.754 99.999
16501659 -0.537 -0.405 -0.669 99.999
16601669 -0.586 -0.467 -0.706 99.999
16701679 -0.605 -0.469 -0.740 99.999
16801689 -0.675 -0.551 -0.798 99.999
16901699 -0.692 -0.572 -0.812 99.999
17001709 -0.609 -0.489 -0.729 99.999
17101719 -0.493 -0.366 -0.620 99.999
17201729 -0.326 -0.206 -0.446 99.999
17301739 -0.357 -0.237 -0.477 99.999
17401749 -0.374 -0.254 -0.493 99.999
17501759 -0.347 -0.227 -0.466 99.999
17601769 -0.309 -0.189 -0.428 99.999
17701779 -0.376 -0.256 -0.496 99.999
17801789 -0.406 -0.286 -0.525 99.999
17901799 -0.357 -0.237 -0.476 99.999
18001809 -0.341 -0.221 -0.461 99.999
18101819 -0.461 -0.341 -0.581 99.999
18201829 -0.351 -0.231 -0.471 99.999
18301839 -0.391 -0.267 -0.515 99.999
18401849 -0.327 -0.207 -0.446 99.999
18501859 -0.318 -0.199 -0.438 -0.224
18601869 -0.379 -0.253 -0.504 -0.284
18701879 -0.239 -0.102 -0.376 -0.228
18801889 -0.337 -0.217 -0.457 -0.308
18901899 -0.250 -0.130 -0.370 -0.290
19001909 -0.293 -0.162 -0.425 -0.378
19101919 -0.296 -0.176 -0.416 -0.379
19201929 -0.171 -0.041 -0.302 -0.156
19301939 0.004 0.156 -0.148 0.064
19401949 0.019 0.158 -0.120 0.042
19501959 0.037 0.157 -0.083 -0.003
19601969 0.015 0.135 -0.105 -0.044
19701979 -0.074 0.046 -0.194 -0.094
19801989 0.082 0.202 -0.038 0.082
19901999 0.056 0.197 -0.085 0.388
